POINT;191.82107442924087;200.04752835913132
POINT;294.14752647951315;-32.866835793245244
POINT;98.7695148795662;83.58321710033348
POINT;-30.822387540982056;226.0791081886477
POINT;254.12433950577542;107.24050135881677
POINT;138.93332577962582;35.41818656943278
POINT;-29.515039658259923;-3.2498878592852734
POINT;324.6456392750881;30.049434847079212
POINT;61.01350288252614;-15.521660555930659
POINT;145.04651573714048;220.32602639529483
SEGMENT;259.30756642404594;226.47184557049508;129.49931251932605;182.63858869630266
SEGMENT;234.32170599120826;224.92475613639965;80.8819106447086;239.4903503207869
SEGMENT;134.62525131685354;-31.273184868700067;250.57703313994114;229.4925445000586
SEGMENT;-19.562774090610937;185.95073879643476;-26.45289733862688;207.92085573108352
SEGMENT;254.85483337194796;38.27616893228121;159.336153690709;47.662108744373384
